109
120
94
61
72
134
94
113
111
106
107
96
53
121
85
115
109
105
93
103
110
94
91
161
44
87
107
107
86
91
156
95
95
98
72
76
154
34
125
51
83
36
105
63
49
91
104
93
84
95
80
74
96
149
107
98
110
115
107
105
96
70
96
127
131
104
126
83
108
99
92
103
104
107
120
112
97
94
92
123
72
92
75
110
97
93
88
82
101
110
75
81
99
103
114
101
77
125
90
148
110
110
97
136
115
101
158
67
114
62
67
121
47
82
79
119
111
47
75
60
104
133
134
73
121
73
86
63
84
129
106
90
62
70
86
99
50
133
74
140
77
137
94
79
105
104
99
67
129
97
126
152
67
60
94
128
101
44
119
117
80
78
54
99
137
120
107
98
97
55
96
118
73
102
103
97
96
81
114
143
52
83
76
141
99
154
109
103
55
154
105
90
103
106
64
81
120
69
85
143
70
97
127
74
81
89
28
54
113
93
117
81
127
128
102
94
76
111
86
56
87
66
82
61
57
135
104
132
120
118
111
74
80
95
64
50
122
81
105
89
145
43
70
66
99
120
116
105
132
77
123
126
108
92
86
95
89
119
60
100
95
55
78
75
112
98
77
84
92
110
140
84
61
129
116
74
95
89
95
69
102
84
76
66
134
102
60
127
36
65
165
94
43
91
107
94
71
85
60
132
127
68
147
76
106
106
72
131
70
126
77
78
103
82
103
90
105
96
80
112
64
101
112
121
125
101
100
140
58
84
139
114
121
58
103
108
106
59
104
116
85
68
58
79
100
77
110
104
125
123
82
102
111
92
113
117
98
115
145
97
97
95
83
65
107
112
113
97
94
81
102
79
132
98
107
81
121
95
79
77
64
87
116
77
75
88
33
111
111
38
101
95
33
91
63
103
45
78
120
36
73
134
87
128
113
158
112
60
147
80
74
57
85
64
146
55
67
142
100
117
44
43
67
110
83
57
56
54
99
47
84
68
103
58
125
95
91
100
83
61
40
103
68
78
54
88
115
104
64
98
49
75
120
126
121
93
118
74
122
93
114
128
101
111
85
92
67
77
85
109
46
88
130
104
91
111
86
71
152
137
76
120
60
94
87
76
94
111
90
35
87
138
68
95
97
101
90
85
103
125
80
122
113
113
87
86
99
124
92
75
97
73
82
84
114
79
90
77
105
59
74
116
65
97
90
120
84
59
74
118
46
121
113
81
91
136
65
114
135
87
114
69
113
83
76
122
151
41
58
87
86
70
110
64
87
79
125
125
48
114
99
101
90
88
85
90
73
97
59
108
123
90
68
71
55
84
61
73
65
75
118
129
91
117
139
108
123
87
119
71
127
110
80
36
44
113
77
102
86
108
118
102
59
75
80
102
117
54
99
88
56
108
98
23
162
35
113
67
58
104
121
130
118
140
94
111
115
164
147
152
148
97
95
90
95
88
83
86
88
111
102
64
84
112
85
74
77
44
62
74
74
67
72
110
112
136
64
77
95
90
110
139
142
73
106
80
119
119
97
109
113
108
99
93
139
153
123
70
77
89
51
116
105
106
74
80
30
110
60
80
43
111
108
48
88
54
78
37
25
121
71
39
139
86
132
137
159
120
77
67
104
83
122
114
50
147
78
56
34
92
41
75
89
121
129
86
129
99
112
74
122
126
89
94
111
103
65
58
113
109
76
59
89
65
56
130
89
109
115
136
71
97
113
53
126
59
114
118
84
124
112
111
98
73
111
144
108
114
45
136
55
92
153
121
123
163
90
114
118
95
123
119
125
87
168
111
64
74
79
91
117
145
108
112
62
140
144
172
38
147
123
73
139
77
98
69
91
119
109
103
99
108
57
97
81
106
124
86
86
66
82
105
66
97
59
108
109
115
112
69
80
103
104
119
126
74
107
120
111
54
109
127
99
90
103
165
83
121
80
83
111
110
69
125
104
117
123
114
132
112
104
100
72
88
57
82
79
83
68
111
68
105
98
99
145
97
133
93
121
70
81
127
110
61
144
150
94
136
176
39
91
152
39
93
71
90
114
40
145
40
126
106
84
72
122
119
65
69
106
89
93
96
99
95
109
82
94
106
120
29
109
95
66
43
81
48
45
102
130
104
104
99
92
79
66
123
76
52
67
110
74
59
91
54
112
127
107
115
90
56
137
106
53
89
95
78
50
52
90
136
100
116
38
113
89
48
106
108
86
110
90
94
28
116
78
116
70
99
118
103
114
98
61
77
53
132
98
163
102
144
115
108
68
107
141
111
55
112
100
116
71
146
119
97
43
127
106
79
127
114
85
90
149
116
142
90
73
151
135
90
81
64
54
56
75
139
127
96
52
94
119
99
117
103
80
130
102
106
38
49
120
113
65
126
91
82
158
122
56
144
74
112
53
104
72
106
92
98
47
106
80
121
75
83
53
108
41
117
41
127
90
136
86
91
77
126
64
131
48
147
70
161
29
90
122
113
47
125
88
122
80
113
44
86
32
123
88
153
83
112
34
107
56
121
53
189
75
132
64
109
59
120
56
189
95
135
110
147
135
159
61
130
136
120
107
77
114
119
76
120
106
118
73
122
86
85
97
91
111
84
118
74
104
130
87
83
72
145
42
44
103
50
28
108
118
97
96
34
63
110
80
70
73
39
105
97
78
121
80
83
111
110
69
125
104
117
87
78
81
108
58
105
63
109
86
125
75
109
80
62
139
92
100
90
75
93
135
132
84
