1.642
1.642
1.6
1.516
1.684
1.684
1.684
1.558
1.684
1.642
1.558
1.642
1.474
1.6
1.684
1.684
1.474
1.684
1.642
1.684
1.389
1.6
1.6
1.642
1.6
1.558
1.432
1.474
1.474
1.642
1.6
1.684
1.811
1.474
1.474
1.642
1.768
1.684
1.6
1.6
1.684
1.516
1.389
1.558
1.726
1.516
1.558
1.558
1.558
1.684
1.474
1.684
1.811
1.558
1.516
1.516
1.6
1.558
1.474
1.558
1.558
1.684
1.642
1.642
1.558
1.474
1.558
1.389
1.642
1.558
1.474
1.389
1.558
1.432
1.432
1.642
1.516
1.516
1.642
1.684
1.474
1.726
1.642
1.6
1.432
1.642
1.558
1.347
1.642
1.389
1.432
1.684
1.432
1.474
1.474
1.642
1.516
1.558
1.558
1.684
1.389
1.642
1.474
1.6
1.642
1.474
1.516
1.726
1.389
1.516
1.558
1.684
1.558
1.684
1.558
1.684
1.726
1.726
1.684
1.6
1.726
1.768
1.811
1.684
1.768
1.768
1.474
1.6
1.6
1.474
1.811
1.853
1.726
1.726
1.684
1.726
1.642
1.853
1.684
1.726
1.811
1.684
1.558
1.768
1.558
1.642
1.768
1.684
1.684
1.684
1.726
1.768
1.768
1.726
1.768
1.684
1.6
1.768
1.642
1.6
1.642
1.684
1.474
1.726
1.768
1.642
1.558
1.684
1.558
1.642
1.811
1.726
1.684
1.558
1.811
1.684
1.6
1.684
1.726
1.6
1.811
1.811
1.768
1.684
1.684
1.558
1.684
1.558
1.768
1.6
1.726
1.726
1.558
1.684
1.642
1.811
1.684
1.726
1.642
1.684
1.684
1.642
1.6
1.642
1.6
1.684
1.558
1.768
1.684
1.516
1.726
1.642
1.642
1.684
1.6
1.895
1.684
1.768
1.516
1.684
1.811
1.853
1.642
1.6
1.642
1.6
1.726
1.642
1.642
1.642
1.684
1.811
1.726
1.6
1.726
1.726
1.642
1.6
1.811
1.558
1.768
1.642
1.474
1.726
1.642
1.684
1.684
1.642
1.726
1.684
1.6
1.684
1.516
1.642
1.684
1.684
1.558
1.6
1.6
1.6
1.811
1.558
1.684
1.642
1.558
1.642
1.558
1.684
1.684
1.558
1.726
1.726
1.642
1.853
1.558
1.6
1.6
1.726
1.6
1.642
1.516
1.642
1.853
1.6
1.558
1.642
1.6
1.6
1.516
1.684
1.516
1.726
1.558
1.6
1.642
1.726
1.853
1.642
1.684
1.768
1.558
1.726
1.726
1.811
1.558
1.642
1.6
1.558
1.474
1.474
1.684
1.684
1.516
1.558
1.768
1.726
1.684
1.768
1.516
1.6
1.768
1.558
1.684
1.516
1.558
1.558
1.684
1.726
1.684
1.558
1.474
1.558
1.558
1.768
1.516
1.642
1.768
1.558
1.389
1.516
1.642
1.642
1.516
1.684
1.6
1.726
1.6
1.726
1.6
1.642
1.726
1.726
1.642
1.558
1.6
1.558
1.516
1.558
1.558
1.516
1.642
1.726
1.558
1.684
1.516
1.558
1.474
1.474
1.516
1.6
1.642
1.642
1.558
1.6
1.6
1.558
1.6
1.642
1.642
1.516
1.642
1.642
1.516
1.642
1.474
1.516
1.6
1.558
1.642
1.558
1.6
1.642
1.6
1.6
1.516
1.6
1.6
1.726
1.516
1.516
1.474
1.516
1.642
1.474
1.558
1.558
1.6
1.474
1.684
1.558
1.6
1.642
1.474
1.642
1.642
1.558
1.516
1.642
1.642
1.558
1.768
1.516
1.684
1.474
1.474
1.558
1.558
1.474
1.684
1.811
1.6
1.726
1.684
1.558
1.6
1.6
1.474
1.474
1.474
1.684
1.389
1.516
1.684
1.558
1.6
1.642
1.6
1.474
1.558
1.558
1.474
1.474
1.853
1.516
1.6
1.474
1.558
1.6
1.6
1.6
1.684
1.474
1.6
1.432
1.474
1.516
1.684
1.516
1.768
1.642
1.558
1.6
1.432
1.684
1.474
1.558
1.558
1.432
1.6
1.642
1.6
1.642
1.6
1.642
1.558
1.558
1.516
1.768
1.558
1.516
1.474
1.642
1.6
1.558
1.474
1.474
1.558
1.474
1.474
1.6
1.558
1.642
1.642
1.811
1.895
1.768
1.684
1.768
1.768
1.6
1.811
1.558
1.516
1.726
1.768
1.937
1.6
1.768
1.558
1.558
1.6
1.684
1.6
1.6
1.768
1.558
1.558
1.642
1.558
1.684
1.684
1.516
1.6
1.726
1.726
1.6
1.642
1.684
1.684
1.558
1.516
1.811
1.684
1.811
1.726
1.726
1.684
1.6
1.642
1.768
1.768
1.6
1.642
1.726
1.6
1.6
1.684
1.684
1.642
1.642
1.6
1.726
1.853
1.6
1.642
1.768
1.6
1.684
1.516
1.684
1.684
1.726
1.684
1.853
1.516
1.726
1.6
